#*** F2 cross-section systematics
#   x    Q2       F2            err F2        Sigma      Sig Rat    No Smooth            R
0.0075   1.3    1.305       0.2975E-01   0.2698E-01   0.8169E-02  -0.1738E-01   0.1492E-01
0.0075   2.0    1.366       0.3703E-01   0.2824E-01   0.8053E-02   0.4106E-02   0.2305E-01
0.0075   3.2    1.587       0.6680E-01   0.3282E-01   0.1022E-01   0.8857E-02   0.3338E-01
0.0125   1.3    1.237       0.2408E-01   0.2558E-01   0.7026E-02  -0.1402E-01   0.1215E-01
0.0125   2.0    1.335       0.2783E-01   0.2760E-01   0.7511E-02   0.1190E-01   0.1858E-01
0.0125   3.2    1.525       0.3794E-01   0.3155E-01   0.9224E-02  -0.3791E-02   0.2325E-01
0.0125   5.0    1.675       0.6004E-01   0.3464E-01   0.9736E-02   0.7941E-02   0.3203E-01
0.0175   1.3    1.253       0.2421E-01   0.2591E-01   0.7384E-02   0.1329E-01   0.1017E-01
0.0175   2.0    1.385       0.2596E-01   0.2865E-01   0.7629E-02  -0.9427E-02   0.1668E-01
0.0175   3.2    1.528       0.3118E-01   0.3161E-01   0.8439E-02  -0.1602E-01   0.2017E-01
0.0175   5.0    1.589       0.4313E-01   0.3286E-01   0.9147E-02  -0.1287E-01   0.2356E-01
0.0175   7.9    1.527       0.7152E-01   0.3157E-01   0.7956E-02   0.1632E-02   0.2811E-01
0.0250   1.3    1.226       0.1751E-01   0.2535E-01   0.7259E-02  -0.4072E-02   0.6671E-02
0.0250   2.0    1.311       0.1703E-01   0.2710E-01   0.6997E-02  -0.2118E-02   0.1235E-01
0.0250   3.2    1.463       0.1936E-01   0.3026E-01   0.7859E-02  -0.3976E-02   0.1731E-01
0.0250   5.0    1.558       0.2339E-01   0.3222E-01   0.8216E-02   0.7379E-02   0.1934E-01
0.0250   7.9    1.661       0.3303E-01   0.3435E-01   0.9005E-02  -0.1742E-01   0.2340E-01
0.0250  12.6    1.759       0.6962E-01   0.3637E-01   0.9585E-02   0.9801E-02   0.3001E-01
0.0350   1.3    1.193       0.1848E-01   0.2468E-01   0.6885E-02   0.1278E-01   0.3546E-02
0.0350   2.0    1.330       0.1818E-01   0.2750E-01   0.7205E-02  -0.1096E-01   0.8521E-02
0.0350   3.2    1.412       0.1799E-01   0.2920E-01   0.7327E-02  -0.7130E-02   0.1348E-01
0.0350   5.0    1.551       0.2052E-01   0.3207E-01   0.7967E-02  -0.9143E-02   0.1714E-01
0.0350   7.9    1.598       0.2536E-01   0.3304E-01   0.8181E-02   0.6672E-02   0.1818E-01
0.0350  12.6    1.734       0.3787E-01   0.3585E-01   0.8807E-02  -0.2080E-01   0.2343E-01
0.0350  20.0    1.779       0.1028       0.3679E-01   0.8491E-02   0.4209E-01   0.2903E-01
0.0500   1.3    1.228       0.1545E-01   0.2540E-01   0.7457E-02  -0.1498E-02   0.1563E-02
0.0500   2.0    1.336       0.1371E-01   0.2763E-01   0.7429E-02  -0.2651E-02   0.4394E-02
0.0500   3.2    1.434       0.1311E-01   0.2966E-01   0.7511E-02  -0.3953E-02   0.9634E-02
0.0500   5.0    1.509       0.1365E-01   0.3121E-01   0.7455E-02  -0.8769E-02   0.1361E-01
0.0500   7.9    1.593       0.1514E-01   0.3295E-01   0.7389E-02   0.5860E-02   0.1579E-01
0.0500  12.6    1.611       0.1881E-01   0.3331E-01   0.7523E-02  -0.7042E-02   0.1649E-01
0.0500  20.0    1.683       0.2962E-01   0.3481E-01   0.7357E-02  -0.1534E-01   0.2075E-01
0.0500  31.6    1.622       0.9702E-01   0.3355E-01   0.6723E-02   0.1914E-01   0.2317E-01
0.0700   2.0    1.322       0.1539E-01   0.2734E-01   0.7775E-02  -0.9093E-02   0.1465E-02
0.0700   3.2    1.393       0.1375E-01   0.2881E-01   0.7331E-02  -0.8574E-02   0.5091E-02
0.0700   5.0    1.482       0.1351E-01   0.3066E-01   0.7133E-02   0.5440E-03   0.9732E-02
0.0700   7.9    1.532       0.1379E-01   0.3167E-01   0.6891E-02  -0.5863E-02   0.1249E-01
0.0700  12.6    1.548       0.1609E-01   0.3201E-01   0.6795E-02  -0.3384E-02   0.1307E-01
0.0700  20.0    1.598       0.2097E-01   0.3304E-01   0.6875E-02   0.1117E-01   0.1482E-01
0.0700  31.6    1.591       0.3695E-01   0.3289E-01   0.6705E-02   0.1558E-02   0.1788E-01
0.0900   2.0    1.318       0.1821E-01   0.2725E-01   0.7632E-02  -0.8822E-02   0.1500E-03
0.0900   3.2    1.380       0.1504E-01   0.2853E-01   0.7756E-02  -0.1705E-02   0.2473E-02
0.0900   5.0    1.432       0.1368E-01   0.2961E-01   0.7010E-02  -0.4050E-02   0.6455E-02
0.0900   7.9    1.458       0.1331E-01   0.3014E-01   0.6233E-02  -0.3725E-02   0.9426E-02
0.0900  12.6    1.491       0.1463E-01   0.3084E-01   0.6126E-02  -0.2792E-02   0.1088E-01
0.0900  20.0    1.510       0.1750E-01   0.3123E-01   0.5964E-02  -0.8601E-03   0.1100E-01
0.0900  31.6    1.509       0.2384E-01   0.3120E-01   0.5537E-02  -0.2377E-01   0.1295E-01
0.0900  50.1    1.548       0.6295E-01   0.3202E-01   0.5425E-02   0.4851E-01   0.1640E-01
0.1100   3.2    1.335       0.1595E-01   0.2760E-01   0.7576E-02   0.2801E-04   0.1096E-02
0.1100   5.0    1.363       0.1401E-01   0.2819E-01   0.6762E-02  -0.8650E-03   0.3951E-02
0.1100   7.9    1.385       0.1302E-01   0.2865E-01   0.5949E-02   0.1106E-02   0.7021E-02
0.1100  12.6    1.413       0.1366E-01   0.2922E-01   0.5529E-02   0.1545E-02   0.8741E-02
0.1100  20.0    1.449       0.1602E-01   0.2997E-01   0.5511E-02   0.1322E-01   0.9201E-02
0.1100  31.6    1.382       0.1955E-01   0.2858E-01   0.4926E-02  -0.1260E-01   0.9324E-02
0.1100  50.1    1.503       0.3664E-01   0.3109E-01   0.5171E-02   0.7472E-02   0.1262E-01
0.1400   3.2    1.279       0.1297E-01   0.2645E-01   0.7344E-02   0.7889E-03   0.1335E-03
0.1400   5.0    1.305       0.1043E-01   0.2699E-01   0.6707E-02  -0.7460E-03   0.1864E-02
0.1400   7.9    1.302       0.9231E-02   0.2693E-01   0.5726E-02  -0.5997E-02   0.4413E-02
0.1400  12.6    1.319       0.9062E-02   0.2728E-01   0.4996E-02  -0.3328E-02   0.6157E-02
0.1400  20.0    1.312       0.9773E-02   0.2713E-01   0.4528E-02   0.1529E-02   0.6741E-02
0.1400  31.6    1.270       0.1137E-01   0.2627E-01   0.4027E-02  -0.4074E-02   0.6428E-02
0.1400  50.1    1.251       0.1581E-01   0.2588E-01   0.3357E-02  -0.3271E-03   0.7580E-02
0.1400  79.4    1.272       0.4124E-01   0.2631E-01   0.2896E-02   0.5059E-02   0.9011E-02
0.1800   5.0    1.185       0.1110E-01   0.2451E-01   0.6197E-02  -0.3987E-02   0.6125E-03
0.1800   7.9    1.177       0.9669E-02   0.2435E-01   0.5436E-02  -0.1358E-02   0.2165E-02
0.1800  12.6    1.184       0.8893E-02   0.2448E-01   0.4422E-02  -0.5265E-02   0.3813E-02
0.1800  20.0    1.155       0.8828E-02   0.2389E-01   0.3650E-02   0.3661E-03   0.4486E-02
0.1800  31.6    1.138       0.9901E-02   0.2354E-01   0.3202E-02  -0.6640E-03   0.4422E-02
0.1800  50.1    1.088       0.1174E-01   0.2250E-01   0.2598E-02  -0.9518E-02   0.4386E-02
0.1800  79.4    1.098       0.2006E-01   0.2271E-01   0.2354E-02   0.7578E-02   0.5562E-02
0.2250   5.0    1.097       0.1162E-01   0.2269E-01   0.6211E-02  -0.9888E-02   0.1510E-03
0.2250   7.9    1.053       0.8881E-02   0.2178E-01   0.5138E-02  -0.5860E-03   0.9630E-03
0.2250  12.6    1.028       0.7769E-02   0.2126E-01   0.4021E-02  -0.2674E-02   0.2193E-02
0.2250  20.0    1.001       0.7348E-02   0.2069E-01   0.3026E-02   0.3014E-02   0.2872E-02
0.2250  31.6   0.9815       0.7815E-02   0.2030E-01   0.2573E-02   0.2205E-02   0.3006E-02
0.2250  50.1   0.9498       0.8975E-02   0.1964E-01   0.2310E-02  -0.5509E-02   0.2767E-02
0.2250  79.4   0.9334       0.1166E-01   0.1930E-01   0.1521E-02   0.4816E-02   0.3239E-02
0.2750   7.9   0.9039       0.8981E-02   0.1869E-01   0.4513E-02  -0.4317E-02   0.4340E-03
0.2750  12.6   0.8763       0.7741E-02   0.1812E-01   0.3633E-02  -0.4415E-02   0.1149E-02
0.2750  20.0   0.8515       0.7008E-02   0.1761E-01   0.2736E-02  -0.4530E-02   0.1785E-02
0.2750  31.6   0.8176       0.7141E-02   0.1691E-01   0.2108E-02  -0.1153E-02   0.1952E-02
0.2750  50.1   0.7980       0.7945E-02   0.1650E-01   0.1769E-02  -0.4440E-02   0.1819E-02
0.2750  79.4   0.7552       0.9086E-02   0.1562E-01   0.1373E-02  -0.2492E-02   0.1828E-02
0.2750 125.9   0.7135       0.1561E-01   0.1476E-01   0.7553E-03   0.1658E-01   0.2143E-02
0.3500   7.9   0.7049       0.6639E-02   0.1458E-01   0.3734E-02   0.3024E-02   0.2246E-03
0.3500  12.6   0.6687       0.5275E-02   0.1383E-01   0.3011E-02  -0.4491E-03   0.4988E-03
0.3500  20.0   0.6274       0.4554E-02   0.1297E-01   0.2102E-02  -0.1339E-02   0.8906E-03
0.3500  31.6   0.6025       0.4439E-02   0.1246E-01   0.1537E-02  -0.3932E-02   0.1047E-02
0.3500  50.1   0.5723       0.4575E-02   0.1183E-01   0.1160E-02  -0.3385E-03   0.1011E-02
0.3500  79.4   0.5395       0.5027E-02   0.1116E-01   0.9561E-03   0.1909E-02   0.8885E-03
0.3500 125.9   0.5254       0.6764E-02   0.1087E-01   0.5751E-03  -0.2617E-02   0.1004E-02
0.4500  12.6   0.4087       0.4541E-02   0.8452E-02   0.1980E-02   0.1546E-02   0.1930E-03
0.4500  20.0   0.3966       0.3972E-02   0.8201E-02   0.1542E-02  -0.4798E-02   0.3418E-03
0.4500  31.6   0.3609       0.3548E-02   0.7463E-02   0.9929E-03   0.2131E-02   0.4583E-03
0.4500  50.1   0.3315       0.3520E-02   0.6856E-02   0.6676E-03   0.2640E-03   0.4543E-03
0.4500  79.4   0.3158       0.3754E-02   0.6531E-02   0.5069E-03   0.1568E-02   0.3974E-03
0.4500 125.9   0.2927       0.4230E-02   0.6053E-02   0.3132E-03   0.1898E-02   0.3722E-03
0.4500 199.5   0.2743       0.7832E-02   0.5673E-02   0.2131E-03  -0.5418E-04   0.4380E-03
0.5500  12.6   0.2378       0.3870E-02   0.4917E-02   0.1174E-02   0.1490E-02   0.8730E-04
0.5500  20.0   0.2136       0.3137E-02   0.4417E-02   0.9461E-03  -0.8936E-03   0.1252E-03
0.5500  31.6   0.1889       0.2658E-02   0.3907E-02   0.5964E-03   0.7585E-03   0.1813E-03
0.5500  50.1   0.1763       0.2629E-02   0.3646E-02   0.3958E-03  -0.1538E-02   0.1915E-03
0.5500  79.4   0.1587       0.2621E-02   0.3283E-02   0.2538E-03  -0.7244E-03   0.1609E-03
0.5500 125.9   0.1502       0.2885E-02   0.3105E-02   0.2173E-03  -0.4147E-03   0.1436E-03
0.5500 199.5   0.1346       0.4046E-02   0.2783E-02   0.9960E-04   0.7775E-03   0.1573E-03
0.6500  12.6   0.1184       0.3397E-02   0.2448E-02   0.6821E-03  -0.1965E-02   0.3775E-04
0.6500  20.0   0.9990E-01   0.2085E-02   0.2066E-02   0.4484E-03  -0.1108E-02   0.4365E-04
0.6500  31.6   0.8166E-01   0.1669E-02   0.1689E-02   0.2652E-03   0.9371E-03   0.6026E-04
0.6500  50.1   0.7681E-01   0.1600E-02   0.1588E-02   0.1683E-03  -0.6690E-04   0.7023E-04
0.6500  79.4   0.6731E-01   0.1600E-02   0.1392E-02   0.1241E-03  -0.3860E-03   0.5573E-04
0.6500 125.9   0.6104E-01   0.1732E-02   0.1262E-02   0.1031E-03  -0.8472E-03   0.5083E-04
0.7500  20.0   0.3505E-01   0.1011E-02   0.7248E-03   0.1673E-03  -0.2276E-03   0.1279E-04
0.7500  31.6   0.2838E-01   0.8458E-03   0.5869E-03   0.1088E-03  -0.7798E-03   0.1578E-04
0.7500  50.1   0.2529E-01   0.7646E-03   0.5230E-03   0.6928E-04  -0.2349E-03   0.2044E-04
0.7500  79.4   0.2135E-01   0.7569E-03   0.4416E-03   0.4993E-04   0.1466E-04   0.1859E-04
0.7500 125.9   0.2014E-01   0.8035E-03   0.4165E-03   0.3407E-04   0.3538E-04   0.1629E-04
